=== brain ===
总DR基因:3001 | p.adj<0.05:31 | p.adj<0.01:31
         gene        Z           FC        p.adj
        Pparg 3.635668 97038.937628 0.000000e+00
        Elane 3.208024  1690.537938 0.000000e+00
      Gm15635 2.908808    92.676317 6.160668e-19
     Hist1h4m 2.816106    37.239613 7.837856e-07
    Hist1h2af 2.811743    35.670449 1.021054e-06
        Stfa1 2.809670    34.948032 1.021054e-06
         Fcnb 2.808747    34.630859 1.021054e-06
    Hist1h2bk 2.808277    34.470673 1.021054e-06
        Ms4a3 2.808129    34.420387 1.021054e-06
        Ulbp1 2.807642    34.255354 1.021054e-06
         Fbp1 2.807608    34.243887 1.021054e-06
4930438A08Rik 2.807543    34.221708 1.021054e-06
       Prss57 2.807111    34.076169 1.021054e-06
        Adtrp 2.807022    34.046347 1.021054e-06
      Depdc1a 2.806402    33.838349 1.021054e-06
        Cep72 2.805347    33.487950 1.021054e-06
    Hist1h2ad 2.805345    33.487214 1.021054e-06
         Polq 2.805268    33.461701 1.021054e-06
      Gm16576 2.805248    33.454990 1.021054e-06
        Rtkn2 2.805248    33.454990 1.021054e-06
      Depdc1b 2.805248    33.454990 1.021054e-06
     Hist1h3g 2.805095    33.404455 1.021054e-06
         E2f8 2.800911    32.052615 1.957707e-06
        Ogdhl 2.800650    31.970095 1.957707e-06
        Ncapg 2.794074    29.959056 5.296958e-06
         Orm1 2.789690    28.688773 9.810390e-06
    Hist1h2ag 2.772181    24.126996 1.002413e-04
       Sgol2a 2.756119    20.579258 6.131970e-04
        Esco2 2.748175    19.021077 1.337851e-03
        Neil3 2.734449    16.600277 4.615967e-03
         Kif4 2.731888    16.183724 5.565009e-03
          Mpo 2.701561    11.973637 5.060299e-02
        Foxm1 2.659176     7.850299 4.022844e-01
         Bub1 2.658554     7.801775 4.022844e-01
       Cldn15 2.655237     7.547776 4.022844e-01
        Grip2 2.654074     7.460703 4.022844e-01
       Fancd2 2.654035     7.457799 4.022844e-01
       Gucy2g 2.653955     7.451844 4.022844e-01
        Susd2 2.651963     7.305188 4.022844e-01
       Mfsd6l 2.651685     7.284995 4.022844e-01
        Sgol1 2.650920     7.229594 4.022844e-01
      Tomm6os 2.650788     7.220007 4.022844e-01
        Vwa3b 2.650237     7.180457 4.022844e-01
      Gm26887 2.649873     7.154395 4.022844e-01
        Tigd4 2.649802     7.149316 4.022844e-01
     Tmem132c 2.649688     7.141183 4.022844e-01
      Gm44000 2.649576     7.133213 4.022844e-01
      C1qtnf3 2.649549     7.131319 4.022844e-01
       Gm5786 2.649484     7.126708 4.022844e-01
      Gm29642 2.649440     7.123581 4.022844e-01
      Gm15551 2.649346     7.116873 4.022844e-01
        Tigd3 2.649346     7.116865 4.022844e-01
      Ldlrad2 2.649346     7.116865 4.022844e-01
      Ccdc158 2.649346     7.116865 4.022844e-01
      Gm43703 2.649346     7.116865 4.022844e-01
      Gm26704 2.649346     7.116865 4.022844e-01
      Ccdc150 2.649331     7.115775 4.022844e-01
        Lect1 2.647953     7.018581 4.132104e-01
         Lrr1 2.647773     7.005986 4.132104e-01
      Gm32950 2.646660     6.928604 4.242807e-01
=== liver ===
总DR基因:3001 | p.adj<0.05:79 | p.adj<0.01:34
         gene        Z           FC    p.adj
        Pparg 3.260903 1.312078e+06 0.000000
5830418K08Rik 1.527926 2.983280e+01 0.000071
        Grb10 1.518708 2.792765e+01 0.000126
        Ctbp2 1.508832 2.601767e+01 0.000147
        Pde4a 1.508742 2.600080e+01 0.000147
         Brf2 1.507911 2.584607e+01 0.000147
      Snora31 1.507099 2.569584e+01 0.000147
      S100pbp 1.505022 2.531530e+01 0.000147
     AW146020 1.504686 2.525424e+01 0.000147
       Ccdc61 1.504073 2.514320e+01 0.000147
       Ift140 1.503274 2.499923e+01 0.000147
        Exoc4 1.502994 2.494900e+01 0.000147
       Klhl28 1.500005 2.441852e+01 0.000172
         Lzic 1.499596 2.434685e+01 0.000172
        Smyd3 1.486836 2.220925e+01 0.000489
         Tsix 1.478471 2.090825e+01 0.000904
       Rhbdf1 1.473831 2.021898e+01 0.001219
        Bud13 1.473039 2.010342e+01 0.001223
         Glmn 1.469910 1.965368e+01 0.001466
        Usp18 1.467037 1.924932e+01 0.001721
         Pfas 1.462264 1.859536e+01 0.002254
        Ssbp2 1.461948 1.855281e+01 0.002254
        Prr24 1.457891 1.801518e+01 0.002859
        Vamp4 1.452936 1.737904e+01 0.003829
        Wdr47 1.443272 1.620068e+01 0.006609
       Cyb561 1.442636 1.612593e+01 0.006609
        Inhba 1.442585 1.611986e+01 0.006609
         Alg8 1.441921 1.604219e+01 0.006639
      C1galt1 1.441092 1.594582e+01 0.006745
        Crtap 1.437189 1.549920e+01 0.008257
        Ophn1 1.436348 1.540461e+01 0.008401
4632415L05Rik 1.433556 1.509440e+01 0.009591
       Zbtb25 1.432741 1.500508e+01 0.009751
         Pck2 1.432204 1.494648e+01 0.009762
         Zfp2 1.431138 1.483081e+01 0.010083
        Usp54 1.430527 1.476481e+01 0.010152
       Akap10 1.429258 1.462888e+01 0.010355
        Wdr67 1.429228 1.462561e+01 0.010355
       Ptdss2 1.420978 1.377098e+01 0.015506
       Cyp2j9 1.420690 1.374213e+01 0.015506
     Ppargc1b 1.420500 1.372304e+01 0.015506
C330006K01Rik 1.419623 1.363538e+01 0.015860
        Vgll4 1.417085 1.338480e+01 0.017704
        Copg2 1.416354 1.331344e+01 0.017973
2810013P06Rik 1.412534 1.294668e+01 0.021001
3110009E18Rik 1.412274 1.292203e+01 0.021001
         Poc5 1.412021 1.289812e+01 0.021001
      Fam175a 1.409839 1.269384e+01 0.022086
       Polr3f 1.409816 1.269166e+01 0.022086
        Pdgfc 1.409778 1.268814e+01 0.022086
         Thra 1.406281 1.236732e+01 0.025709
        Rnf38 1.405243 1.227369e+01 0.026512
        Lrit2 1.403130 1.208506e+01 0.028637
      Slc10a5 1.402841 1.205949e+01 0.028637
      Eif2ak4 1.402307 1.201238e+01 0.028836
       Alg10b 1.401072 1.190409e+01 0.030016
         Gas8 1.400068 1.181677e+01 0.030346
         Lyst 1.399723 1.178692e+01 0.030346
      Dclre1a 1.399719 1.178655e+01 0.030346
      Mettl15 1.399120 1.173483e+01 0.030504